~o
<STREAMINFO> 1 26
<VECSIZE> 26<NULLD><MFCC_E_D><DIAGC>
~h "__"
<BEGINHMM>
<NUMSTATES> 5
<STATE> 2
<MEAN> 26
 -1.016805e+01 1.692573e+00 3.232498e-01 7.750936e-01 1.917195e+00 3.649505e+00 4.063367e-01 5.316830e-01 -1.447825e+00 -7.090890e-01 -8.363391e-01 5.097702e-01 1.197452e+01 -3.146309e-01 6.928271e-02 -2.441240e-01 -1.016301e-02 -2.190148e-01 -1.016737e-01 -5.211777e-03 2.190740e-01 1.695675e-01 3.484031e-01 4.534948e-01 2.062041e-01 -1.382724e-01
<VARIANCE> 26
 1.247522e+01 1.485482e+01 2.383030e+01 2.566232e+01 1.923805e+01 1.975057e+01 2.659109e+01 2.063936e+01 2.167306e+01 2.415645e+01 2.235108e+01 1.479380e+01 3.112723e+00 1.048075e+00 1.135774e+00 1.457178e+00 2.074430e+00 2.281691e+00 2.356785e+00 2.438277e+00 2.237245e+00 2.320181e+00 2.100275e+00 1.970954e+00 1.328475e+00 3.590073e-01
<GCONST> 9.104897e+01
<STATE> 3
<MEAN> 26
 -1.262089e+01 3.458734e+00 8.536343e-01 2.271702e+00 2.408812e+00 3.233522e+00 1.667388e+00 3.540445e+00 1.343754e+00 2.751680e+00 3.409317e+00 2.077829e+00 1.193528e+01 -6.450798e-02 -4.097614e-02 -7.894114e-02 -6.893766e-02 -3.801639e-02 -5.468056e-02 2.011174e-02 6.054015e-02 4.466240e-02 8.922896e-02 1.014543e-01 8.249717e-03 -6.045008e-02
<VARIANCE> 26
 2.452798e+00 4.469035e+00 7.740068e+00 1.160709e+01 9.900144e+00 1.048666e+01 1.281149e+01 1.438755e+01 1.431982e+01 1.413507e+01 1.264354e+01 1.110243e+01 2.043107e+00 2.219602e-01 3.990980e-01 5.286283e-01 1.130526e+00 9.742804e-01 1.059749e+00 1.286845e+00 1.473147e+00 1.372707e+00 1.363501e+00 1.344055e+00 1.174391e+00 4.875806e-02
<GCONST> 7.130106e+01
<STATE> 4
<MEAN> 26
 -1.335620e+01 2.135779e+00 -8.575273e-01 3.018958e-01 -2.134353e-01 4.257046e-01 -6.247496e-01 9.247991e-01 -1.448575e+00 -1.170441e-01 9.873765e-01 -4.190995e-01 8.669144e+00 -7.276168e-02 -3.373333e-02 1.160710e-01 -6.441817e-02 6.809263e-02 4.163172e-02 -6.753312e-02 1.672130e-02 8.223560e-02 2.557632e-02 4.398169e-03 -1.732927e-02 -5.094519e-03
<VARIANCE> 26
 3.248124e+00 2.899657e+00 5.356999e+00 6.276443e+00 8.628879e+00 1.003704e+01 1.073684e+01 1.316602e+01 1.455326e+01 1.379866e+01 1.196455e+01 1.070844e+01 8.237449e-01 3.100218e-01 3.478817e-01 5.988835e-01 7.989743e-01 9.058424e-01 1.060135e+00 1.261946e+00 1.373115e+00 1.435574e+00 1.402878e+00 1.395456e+00 1.212876e+00 5.852994e-02
<GCONST> 6.885009e+01
<TRANSP> 5
 0.000000e+00 1.000000e+00 0.000000e+00 0.000000e+00 0.000000e+00
 0.000000e+00 8.856479e-01 1.143521e-01 0.000000e+00 0.000000e+00
 0.000000e+00 0.000000e+00 9.391578e-01 6.084217e-02 0.000000e+00
 0.000000e+00 0.000000e+00 0.000000e+00 9.621926e-01 3.780739e-02
 0.000000e+00 0.000000e+00 0.000000e+00 0.000000e+00 0.000000e+00
<ENDHMM>
