~o
<STREAMINFO> 1 26
<VECSIZE> 26<NULLD><MFCC_E_D><DIAGC>
~h "e"
<BEGINHMM>
<NUMSTATES> 5
<STATE> 2
<MEAN> 26
 -3.293063e+00 -7.334620e+00 8.370963e+00 -1.436138e+01 -7.282118e+00 -7.036370e+00 -1.662639e+01 1.365271e+00 -7.773748e+00 2.541243e+00 1.753683e+00 -3.093375e+00 2.018871e+01 1.779805e+00 -2.718516e+00 1.412982e+00 -2.747421e+00 -2.288388e+00 -1.200374e+00 -2.503061e+00 2.610843e+00 -1.163866e+00 1.109718e+00 1.677431e-01 -7.813911e-01 7.964790e-01
<VARIANCE> 26
 1.189876e+01 3.103877e+01 4.812469e+01 3.977837e+01 3.395652e+01 3.633571e+01 6.316837e+01 3.962405e+01 3.317312e+01 3.868153e+01 3.211600e+01 2.003689e+01 3.351420e+00 3.756806e+00 2.823775e+00 4.174028e+00 3.546786e+00 3.803293e+00 3.544158e+00 6.614867e+00 4.690346e+00 3.946660e+00 3.166288e+00 3.351929e+00 2.089710e+00 3.771172e-01
<GCONST> 1.056195e+02
<STATE> 3
<MEAN> 26
 -2.146295e+00 -1.180968e+01 9.032866e+00 -2.030730e+01 -1.017481e+01 -8.553061e+00 -1.565510e+01 6.777664e+00 -8.027179e+00 5.083551e+00 7.729458e-01 -4.592569e+00 2.124374e+01 1.177371e-02 -1.182844e-01 4.778210e-02 -2.600536e-01 1.893787e-01 -1.970953e-01 5.296090e-01 -2.293482e-01 -1.735362e-01 -3.468464e-02 -2.215170e-01 -8.133901e-02 -2.382525e-02
<VARIANCE> 26
 7.401906e+00 2.113725e+01 4.363078e+01 1.929436e+01 2.863171e+01 2.900923e+01 3.793452e+01 2.831616e+01 3.732855e+01 2.077601e+01 2.530405e+01 1.464229e+01 3.334299e-01 4.573302e-01 1.041201e+00 1.933519e+00 1.626146e+00 1.893211e+00 1.875480e+00 2.175819e+00 2.488149e+00 2.099796e+00 1.499095e+00 1.618504e+00 1.137551e+00 2.254704e-02
<GCONST> 8.606928e+01
<STATE> 4
<MEAN> 26
 -2.268004e+00 -6.970532e+00 9.465960e+00 -1.539301e+01 -4.581393e+00 -7.214246e+00 -1.260418e+01 -1.284456e+00 -9.769407e+00 2.307038e+00 -1.974759e+00 -4.351542e+00 1.997523e+01 -5.555955e-01 2.436571e+00 -6.762005e-01 2.514212e+00 2.052166e+00 1.438981e+00 1.332791e+00 -2.262540e+00 9.024802e-01 -8.201414e-01 -7.512542e-01 1.479080e-01 -5.999805e-01
<VARIANCE> 26
 1.222491e+01 4.848004e+01 7.457562e+01 6.383279e+01 4.234004e+01 4.641282e+01 7.069751e+01 5.013043e+01 6.994900e+01 4.004916e+01 3.482995e+01 2.368110e+01 1.382970e+00 2.470654e+00 3.691194e+00 3.885043e+00 4.533352e+00 2.515011e+00 3.691918e+00 4.387431e+00 4.999774e+00 5.265072e+00 3.015843e+00 2.735839e+00 2.011529e+00 2.031066e-01
<GCONST> 1.066430e+02
<TRANSP> 5
 0.000000e+00 1.000000e+00 0.000000e+00 0.000000e+00 0.000000e+00
 0.000000e+00 5.679911e-01 4.320089e-01 0.000000e+00 0.000000e+00
 0.000000e+00 0.000000e+00 8.547103e-01 1.452897e-01 0.000000e+00
 0.000000e+00 0.000000e+00 0.000000e+00 7.157517e-01 2.842483e-01
 0.000000e+00 0.000000e+00 0.000000e+00 0.000000e+00 0.000000e+00
<ENDHMM>
