~o
<STREAMINFO> 1 26
<VECSIZE> 26<NULLD><MFCC_E_D><DIAGC>
~h "h"
<BEGINHMM>
<NUMSTATES> 5
<STATE> 2
<MEAN> 26
 -1.936673e+01 -7.540983e+00 5.455920e+00 -3.016802e+00 -6.275337e+00 -2.325546e+00 -1.066882e+00 -1.409108e+00 -5.460503e+00 2.936645e+00 -8.593829e-01 2.345019e+00 1.635696e+01 5.080038e-01 -4.702866e-02 1.510566e+00 2.233779e+00 -2.274077e-01 -1.272974e+00 -1.504061e-01 4.659706e-01 -7.694795e-01 -1.236963e+00 -3.024831e-01 -5.946665e-01 3.913617e-01
<VARIANCE> 26
 3.450507e+01 2.025787e+01 3.851316e+01 3.918351e+01 2.686330e+01 4.567537e+01 3.602990e+01 2.918744e+01 2.368090e+01 3.856179e+01 1.276272e+01 1.838720e+01 3.280772e+00 4.163227e+00 2.016957e+00 2.835118e+00 2.033602e+00 2.160612e+00 3.158215e+00 4.628651e+00 2.800938e+00 2.254146e+00 5.817821e+00 1.693222e+00 1.499314e+00 1.967011e-01
<GCONST> 9.942898e+01
<STATE> 3
<MEAN> 26
 -7.091691e+00 -2.832497e+00 1.453883e+01 7.605312e+00 -6.019265e+00 -8.394038e+00 -1.109107e+01 -9.016355e-01 -1.091863e+01 -1.119462e+01 -1.987773e+00 2.417438e+00 1.912464e+01 3.091676e+00 -2.791977e-02 1.801081e+00 1.218402e+00 -3.685827e-01 -1.216632e+00 -4.130509e+00 5.564156e-01 -1.102229e+00 -4.987824e+00 1.198142e+00 7.867526e-01 7.185977e-01
<VARIANCE> 26
 2.086209e+01 1.073487e+01 1.840787e+01 1.067678e+01 1.654124e+01 1.810081e+01 4.208188e+01 1.686286e+01 2.784321e+01 3.415158e+01 1.606436e+01 2.211327e+01 6.095198e-01 3.337997e+00 2.464618e+00 2.292799e+00 2.640358e+00 3.153390e+00 3.586789e+00 4.497468e+00 2.623213e+00 4.074810e+00 5.386796e+00 2.243217e+00 2.564199e+00 2.477342e-01
<GCONST> 9.522339e+01
<STATE> 4
<MEAN> 26
 -3.571073e+00 -5.434470e+00 1.717253e+01 7.584820e+00 -6.655213e+00 -6.846202e+00 -1.798827e+01 1.476720e+00 -1.038245e+01 -1.953535e+01 5.039678e+00 2.588580e+00 1.989188e+01 8.671739e-02 -4.158655e-01 8.155387e-01 -8.370332e-01 -8.895478e-01 7.266394e-01 -4.191878e-01 -3.107385e-01 -5.233734e-02 -2.247211e-02 1.027683e+00 -8.365890e-01 1.080667e-01
<VARIANCE> 26
 5.881274e+00 1.198136e+01 1.973054e+01 3.335413e+01 1.881958e+01 1.515978e+01 3.745525e+01 2.151863e+01 3.831656e+01 4.170003e+01 1.806184e+01 2.616635e+01 3.011574e-01 8.600456e-01 4.976035e-01 2.582189e+00 2.513555e+00 2.591733e+00 2.296453e+00 3.429414e+00 2.422967e+00 1.529256e+00 4.355602e+00 1.247638e+00 1.307734e+00 1.684712e-02
<GCONST> 8.643433e+01
<TRANSP> 5
 0.000000e+00 1.000000e+00 0.000000e+00 0.000000e+00 0.000000e+00
 0.000000e+00 7.536227e-01 2.463773e-01 0.000000e+00 0.000000e+00
 0.000000e+00 0.000000e+00 6.034649e-01 3.965351e-01 0.000000e+00
 0.000000e+00 0.000000e+00 0.000000e+00 7.706693e-01 2.293307e-01
 0.000000e+00 0.000000e+00 0.000000e+00 0.000000e+00 0.000000e+00
<ENDHMM>
