~o
<STREAMINFO> 1 26
<VECSIZE> 26<NULLD><MFCC_E_D><DIAGC>
~h "u"
<BEGINHMM>
<NUMSTATES> 5
<STATE> 2
<MEAN> 26
 -5.721761e-01 3.960932e+00 1.031761e+00 -1.210465e+01 -5.060701e+00 2.411451e+00 -1.027983e+01 -5.655132e+00 -1.075382e+01 -7.384451e+00 3.993040e+00 -4.860101e+00 1.860649e+01 3.236522e+00 1.855856e+00 1.713649e-01 -3.222001e+00 -2.960491e+00 1.084605e+00 -1.673430e+00 -3.462414e-01 -2.181340e+00 -2.953589e+00 1.671621e+00 -1.339894e+00 9.679033e-01
<VARIANCE> 26
 2.946889e+01 3.101102e+01 1.522792e+01 5.547781e+01 6.169793e+01 4.560445e+01 5.533176e+01 7.894266e+01 3.525246e+01 5.498542e+01 5.662963e+01 4.719647e+01 8.086400e+00 4.023860e+00 2.479985e+00 2.040464e+00 4.136308e+00 7.048304e+00 5.537043e+00 4.147647e+00 6.735145e+00 4.840622e+00 5.882026e+00 5.163805e+00 5.161947e+00 6.488228e-01
<GCONST> 1.128435e+02
<STATE> 3
<MEAN> 26
 3.624444e+00 4.961385e+00 9.942680e-01 -1.758505e+01 -1.368580e+01 6.244961e+00 -1.131636e+01 -5.342553e+00 -1.321376e+01 -1.460019e+01 6.696307e+00 -6.884547e+00 2.052266e+01 8.685252e-02 1.584642e-01 -7.219227e-02 -4.490952e-01 -4.806015e-01 1.454658e-01 1.450026e-01 2.308746e-01 -2.787295e-01 1.717844e-01 -2.168218e-01 -2.317627e-01 3.263566e-04
<VARIANCE> 26
 1.077036e+01 1.480354e+01 1.435686e+01 1.005492e+02 4.600661e+01 3.713453e+01 2.903548e+01 4.880760e+01 3.996432e+01 5.683102e+01 5.508281e+01 4.891510e+01 4.513538e-01 5.591928e-01 1.254264e+00 1.086073e+00 2.420089e+00 2.773549e+00 2.378671e+00 2.751094e+00 3.292131e+00 3.041800e+00 3.457349e+00 2.791350e+00 2.269862e+00 2.396102e-02
<GCONST> 9.483229e+01
<STATE> 4
<MEAN> 26
 1.586609e+00 5.302847e+00 1.944977e+00 -1.496869e+01 -8.409067e+00 3.670504e+00 -1.007755e+01 -7.883061e+00 -1.383350e+01 -6.981296e+00 3.004577e+00 -4.519496e+00 1.932965e+01 -1.309361e+00 -2.050557e-01 1.254804e-01 1.023753e+00 1.790244e+00 -6.318423e-01 8.906050e-01 -1.356772e+00 1.578150e+00 2.151879e+00 -1.731865e+00 1.444436e+00 -4.514380e-01
<VARIANCE> 26
 1.973025e+01 2.357321e+01 2.805617e+01 1.271782e+02 7.010310e+01 5.375036e+01 5.222479e+01 1.122780e+02 7.931973e+01 5.032898e+01 5.632056e+01 4.799133e+01 2.395014e+00 1.723387e+00 1.899617e+00 3.220333e+00 5.237524e+00 6.561121e+00 4.459548e+00 6.228354e+00 5.586593e+00 5.634771e+00 7.382434e+00 5.714012e+00 4.405193e+00 2.436040e-01
<GCONST> 1.125638e+02
<TRANSP> 5
 0.000000e+00 1.000000e+00 0.000000e+00 0.000000e+00 0.000000e+00
 0.000000e+00 5.681950e-01 4.318051e-01 0.000000e+00 0.000000e+00
 0.000000e+00 0.000000e+00 8.424696e-01 1.575304e-01 0.000000e+00
 0.000000e+00 0.000000e+00 0.000000e+00 6.904858e-01 3.095143e-01
 0.000000e+00 0.000000e+00 0.000000e+00 0.000000e+00 0.000000e+00
<ENDHMM>
