~o
<STREAMINFO> 1 26
<VECSIZE> 26<NULLD><MFCC_E_D><DIAGC>
~h "w"
<BEGINHMM>
<NUMSTATES> 5
<STATE> 2
<MEAN> 26
 7.717102e-01 4.051657e+00 1.204656e+00 -1.479352e+01 -7.553277e+00 3.397527e+00 -6.029394e+00 -1.368713e+00 -1.021301e+01 -5.553783e+00 4.986720e+00 -3.186216e+00 1.849726e+01 2.881536e+00 7.112486e-01 1.559541e-01 -2.503958e+00 -2.177812e+00 3.985779e-01 -1.578273e+00 1.867918e+00 -2.361235e+00 -1.589811e+00 8.172097e-01 -1.831122e+00 7.416803e-01
<VARIANCE> 26
 3.459459e+01 3.197184e+01 1.967705e+01 7.537816e+01 4.780215e+01 5.205304e+01 5.249495e+01 7.129942e+01 6.756654e+01 4.254348e+01 5.381580e+01 4.243866e+01 6.967880e+00 5.293548e+00 3.967734e+00 2.323893e+00 5.479447e+00 4.278214e+00 4.364468e+00 5.201460e+00 4.192137e+00 5.911904e+00 5.084907e+00 3.477406e+00 3.422880e+00 4.783501e-01
<GCONST> 1.125216e+02
<STATE> 3
<MEAN> 26
 5.510215e+00 3.174031e+00 9.496776e-01 -1.640495e+01 -1.186723e+01 5.310270e+00 -8.774909e+00 5.177280e-01 -1.319145e+01 -6.811059e+00 5.216559e+00 -6.319409e+00 2.012501e+01 -3.970367e-03 -3.913856e-01 -2.423826e-02 -6.303613e-01 -3.786112e-01 1.198615e-01 -1.447570e-01 4.118656e-01 -2.812589e-01 5.289784e-01 1.073468e-01 7.262695e-02 9.251365e-02
<VARIANCE> 26
 1.543633e+01 2.412302e+01 1.904107e+01 8.264298e+01 3.850375e+01 4.933088e+01 3.386481e+01 4.174995e+01 4.272641e+01 3.339066e+01 4.156412e+01 2.716935e+01 5.729397e-01 1.014511e+00 1.400666e+00 2.029197e+00 3.701622e+00 2.861512e+00 2.736587e+00 2.333414e+00 2.757444e+00 2.543278e+00 2.359507e+00 2.487020e+00 2.070479e+00 6.195285e-02
<GCONST> 9.654151e+01
<STATE> 4
<MEAN> 26
 2.353122e+00 -6.258613e+00 -4.124365e+00 -2.598463e+01 -7.434874e+00 1.124746e+01 -1.029569e+01 2.661761e+00 -1.348717e+01 -1.045388e+00 7.017501e+00 -5.558145e+00 2.147450e+01 -4.461336e-01 -1.459927e+00 -7.568212e-01 1.461978e-01 1.991167e+00 4.296186e-02 -4.641068e-01 -3.090304e-01 1.834135e-01 8.657371e-01 -8.393643e-02 -6.870335e-01 1.159915e-01
<VARIANCE> 26
 9.499133e+00 2.949704e+01 3.100751e+01 9.086626e+01 6.297618e+01 2.745711e+01 5.657426e+01 3.626017e+01 2.809733e+01 4.866810e+01 4.693657e+01 2.366216e+01 6.353230e-01 4.568146e-01 1.205610e+00 2.155730e+00 3.213567e+00 2.158167e+00 2.363390e+00 2.768789e+00 2.607783e+00 2.319792e+00 3.289881e+00 2.743700e+00 2.369785e+00 3.544576e-02
<GCONST> 9.573530e+01
<TRANSP> 5
 0.000000e+00 1.000000e+00 0.000000e+00 0.000000e+00 0.000000e+00
 0.000000e+00 4.692683e-01 5.307317e-01 0.000000e+00 0.000000e+00
 0.000000e+00 0.000000e+00 8.434437e-01 1.565563e-01 0.000000e+00
 0.000000e+00 0.000000e+00 0.000000e+00 7.794048e-01 2.205952e-01
 0.000000e+00 0.000000e+00 0.000000e+00 0.000000e+00 0.000000e+00
<ENDHMM>
