~o
<STREAMINFO> 1 26
<VECSIZE> 26<NULLD><MFCC_E_D><DIAGC>
~h "x"
<BEGINHMM>
<NUMSTATES> 5
<STATE> 2
<MEAN> 26
 -8.105273e-01 -4.504424e+00 3.952635e+00 -1.121267e+01 -5.332638e+00 2.409230e+00 -2.435215e+01 -9.487068e+00 -1.048747e+01 6.484190e-01 1.180356e+01 -8.881348e+00 2.032205e+01 1.818500e+00 -5.970457e-01 -3.950060e-01 -1.726653e+00 -1.677510e+00 2.140120e+00 -4.098263e+00 -4.625047e-02 -1.440125e+00 7.038349e-01 2.825182e+00 -2.148998e+00 8.080842e-01
<VARIANCE> 26
 3.554685e+00 7.017021e+00 1.098692e+01 2.703226e+01 1.509928e+01 3.436640e+01 4.411187e+01 3.150967e+01 6.253839e+01 5.104204e+01 1.859148e+01 2.158264e+01 1.057338e+00 2.346089e+00 1.351564e+00 1.033879e+00 2.075887e+00 1.716662e+00 2.240315e+00 5.373443e+00 4.001052e+00 5.279634e+00 3.838922e+00 2.644681e+00 2.225184e+00 7.966328e-01
<GCONST> 9.518950e+01
<STATE> 3
<MEAN> 26
 -1.085350e-01 -4.942482e+00 2.282641e+00 -1.246390e+01 -9.633096e+00 7.325350e+00 -2.898842e+01 -1.036255e+01 -9.410214e+00 2.445745e-02 1.586384e+01 -1.243238e+01 2.132038e+01 -3.413356e-02 7.919575e-02 -8.263785e-03 -1.617498e-01 -2.729281e-02 2.292743e-02 1.530630e-01 -2.198519e-01 -1.950919e-01 1.012338e-02 -2.320087e-01 -3.693087e-02 -9.188348e-04
<VARIANCE> 26
 1.939940e+00 5.391657e+00 7.105738e+00 2.410944e+01 9.707845e+00 1.687888e+01 1.226280e+01 1.800200e+01 2.057379e+01 1.741278e+01 8.801369e+00 2.252682e+01 2.346386e-01 1.809114e-01 4.769963e-01 1.523848e+00 1.228812e+00 1.206084e+00 1.190736e+00 1.012019e+00 1.038547e+00 1.852931e+00 1.104148e+00 1.124749e+00 1.486707e+00 1.146162e-02
<GCONST> 7.084322e+01
<STATE> 4
<MEAN> 26
 4.280691e-01 -1.954638e+00 4.920922e+00 -1.138533e+01 -8.821908e-01 3.698531e+00 -2.030278e+01 -6.242655e+00 -1.144243e+01 2.571602e+00 7.917134e+00 -8.305685e+00 1.960244e+01 -3.527425e-01 1.486390e+00 2.215104e-01 1.047814e+00 2.067998e+00 -5.808901e-01 3.312054e+00 4.770407e-01 2.438234e-02 3.536409e-01 -2.061362e+00 1.250497e+00 -5.733254e-01
<VARIANCE> 26
 7.676624e+00 1.751279e+01 1.469004e+01 5.032321e+01 3.639979e+01 3.103510e+01 7.649280e+01 4.999920e+01 4.016320e+01 4.372633e+01 3.142557e+01 2.125691e+01 2.054364e+00 1.175636e+00 2.541750e+00 2.274245e+00 5.795588e+00 2.643018e+00 3.460426e+00 3.260296e+00 1.507906e+00 2.003536e+00 4.245821e+00 2.679142e+00 1.825278e+00 1.182232e-01
<GCONST> 9.833777e+01
<TRANSP> 5
 0.000000e+00 1.000000e+00 0.000000e+00 0.000000e+00 0.000000e+00
 0.000000e+00 6.243981e-01 3.756020e-01 0.000000e+00 0.000000e+00
 0.000000e+00 0.000000e+00 8.397395e-01 1.602605e-01 0.000000e+00
 0.000000e+00 0.000000e+00 0.000000e+00 7.434421e-01 2.565579e-01
 0.000000e+00 0.000000e+00 0.000000e+00 0.000000e+00 0.000000e+00
<ENDHMM>
