~o
<STREAMINFO> 1 26
<VECSIZE> 26<NULLD><MFCC_E_D><DIAGC>
~h "e"
<BEGINHMM>
<NUMSTATES> 5
<STATE> 2
<MEAN> 26
 -3.268359e+00 -7.384039e+00 8.467284e+00 -1.438997e+01 -7.415168e+00 -7.033855e+00 -1.673264e+01 1.448229e+00 -7.869082e+00 2.508888e+00 1.835974e+00 -3.033028e+00 2.021367e+01 1.733216e+00 -2.683840e+00 1.386220e+00 -2.718553e+00 -2.284643e+00 -1.186121e+00 -2.445161e+00 2.593781e+00 -1.174401e+00 1.135759e+00 1.615811e-01 -7.489897e-01 7.876410e-01
<VARIANCE> 26
 1.169080e+01 3.085602e+01 4.811684e+01 3.937636e+01 3.385725e+01 3.572643e+01 6.248470e+01 3.984835e+01 3.325441e+01 3.819702e+01 3.211804e+01 1.992662e+01 3.310950e+00 3.782630e+00 2.828589e+00 4.169838e+00 3.531397e+00 3.742656e+00 3.496816e+00 6.643697e+00 4.629410e+00 3.879099e+00 3.139230e+00 3.364039e+00 2.076699e+00 3.723404e-01
<GCONST> 1.054565e+02
<STATE> 3
<MEAN> 26
 -2.140808e+00 -1.182651e+01 9.005972e+00 -2.035630e+01 -1.013784e+01 -8.571317e+00 -1.558343e+01 6.773153e+00 -7.998852e+00 5.104708e+00 7.403532e-01 -4.631995e+00 2.124082e+01 1.518069e-02 -1.100475e-01 4.469338e-02 -2.522869e-01 2.120101e-01 -1.914002e-01 5.305109e-01 -2.465516e-01 -1.633162e-01 -4.991497e-02 -2.251913e-01 -8.773492e-02 -2.793456e-02
<VARIANCE> 26
 7.404174e+00 2.111427e+01 4.373760e+01 1.916245e+01 2.906615e+01 2.903373e+01 3.831277e+01 2.830223e+01 3.734529e+01 2.085267e+01 2.540655e+01 1.467985e+01 3.357261e-01 4.526432e-01 1.028303e+00 1.940412e+00 1.620770e+00 1.861153e+00 1.895697e+00 2.180376e+00 2.460320e+00 2.089772e+00 1.463644e+00 1.609819e+00 1.145471e+00 2.149541e-02
<GCONST> 8.599408e+01
<STATE> 4
<MEAN> 26
 -2.279513e+00 -6.926726e+00 9.467360e+00 -1.532130e+01 -4.556114e+00 -7.190518e+00 -1.263070e+01 -1.324399e+00 -9.780140e+00 2.300111e+00 -2.006275e+00 -4.335097e+00 1.996825e+01 -5.623199e-01 2.459070e+00 -6.790036e-01 2.541896e+00 2.059178e+00 1.448041e+00 1.344446e+00 -2.278178e+00 9.141603e-01 -8.321483e-01 -7.504943e-01 1.510702e-01 -6.034306e-01
<VARIANCE> 26
 1.235386e+01 4.853681e+01 7.465855e+01 6.367191e+01 4.198235e+01 4.673927e+01 7.041199e+01 5.014874e+01 7.023547e+01 3.995635e+01 3.437534e+01 2.351418e+01 1.385933e+00 2.490146e+00 3.675185e+00 3.880507e+00 4.472285e+00 2.521505e+00 3.674692e+00 4.398062e+00 5.003987e+00 5.288117e+00 3.018490e+00 2.733234e+00 2.020182e+00 2.034892e-01
<GCONST> 1.066322e+02
<TRANSP> 5
 0.000000e+00 1.000000e+00 0.000000e+00 0.000000e+00 0.000000e+00
 0.000000e+00 5.775194e-01 4.224806e-01 0.000000e+00 0.000000e+00
 0.000000e+00 0.000000e+00 8.542781e-01 1.457219e-01 0.000000e+00
 0.000000e+00 0.000000e+00 0.000000e+00 7.131579e-01 2.868421e-01
 0.000000e+00 0.000000e+00 0.000000e+00 0.000000e+00 0.000000e+00
<ENDHMM>
