~o
<STREAMINFO> 1 26
<VECSIZE> 26<NULLD><MFCC_E_D><DIAGC>
~h "j"
<BEGINHMM>
<NUMSTATES> 5
<STATE> 2
<MEAN> 26
 -1.138445e+01 5.928243e+00 2.091798e+01 -7.518257e+00 -2.744865e+00 -1.695194e+00 -1.357781e+01 -4.596994e+00 -1.025497e+01 -6.621302e+00 -2.727939e-01 8.866941e-01 1.901792e+01 1.049559e+00 7.822579e-02 9.527039e-01 5.024596e-01 -6.253390e-01 -8.210197e-01 -1.281944e+00 4.030701e-01 -7.148165e-01 -1.588733e+00 3.764086e-01 9.796579e-02 2.422332e-01
<VARIANCE> 26
 2.120198e+01 2.716062e+01 3.331851e+01 4.544060e+01 5.673333e+01 2.670312e+01 4.565536e+01 3.361037e+01 4.626077e+01 3.887584e+01 2.210017e+01 1.911438e+01 8.590643e-01 8.164471e+00 3.782952e+00 4.455450e+00 3.804422e+00 4.353327e+00 4.895017e+00 6.510475e+00 3.737049e+00 3.728114e+00 4.942456e+00 2.156853e+00 1.471394e+00 1.924050e-01
<GCONST> 1.044430e+02
<STATE> 3
<MEAN> 26
 -6.241327e+00 -2.361900e+00 1.820158e+01 -9.027662e+00 -1.001609e+01 -4.679054e+00 -1.933609e+01 -1.030399e+00 -1.131924e+01 -9.719492e+00 2.699457e+00 4.602607e-01 2.037739e+01 2.299567e+00 -2.630285e+00 -1.683089e+00 -1.479493e+00 -1.574538e+00 -3.491548e-01 -2.464813e+00 2.510667e+00 1.701023e-01 1.228547e+00 1.241375e+00 -9.187428e-01 4.075530e-01
<VARIANCE> 26
 9.474588e+00 2.282040e+01 3.337998e+01 7.563781e+01 3.221138e+01 2.831581e+01 2.982725e+01 4.321038e+01 3.050732e+01 4.746445e+01 1.670025e+01 1.144404e+01 5.370824e-01 2.209570e+00 1.928505e+00 3.171455e+00 3.160215e+00 4.634677e+00 3.298817e+00 6.874293e+00 3.915214e+00 2.581717e+00 6.490205e+00 3.533113e+00 2.241899e+00 6.040586e-02
<GCONST> 9.873721e+01
<STATE> 4
<MEAN> 26
 -1.660968e+00 -7.905907e+00 7.284708e+00 -1.351103e+01 -8.995417e+00 -8.869750e-01 -2.008414e+01 3.583266e+00 -7.197103e+00 -5.966138e-01 2.501346e+00 -4.007683e+00 2.060408e+01 9.977534e-01 -4.805518e-01 -2.680390e+00 -1.260681e+00 1.084207e+00 2.280219e+00 9.641243e-01 -2.852722e-01 2.363890e-01 1.607692e+00 1.075954e-01 -1.166746e+00 2.045191e-02
<VARIANCE> 26
 8.586601e+00 3.004622e+01 4.846306e+01 6.550508e+01 4.244036e+01 4.175022e+01 6.576756e+01 4.068460e+01 4.082339e+01 6.601197e+01 5.411148e+01 2.926403e+01 2.114199e+00 7.071604e-01 2.997896e+00 1.911250e+00 5.643363e+00 2.720696e+00 5.187225e+00 4.614673e+00 4.925453e+00 4.913650e+00 4.516575e+00 5.214837e+00 2.134875e+00 5.388163e-02
<GCONST> 1.042767e+02
<TRANSP> 5
 0.000000e+00 1.000000e+00 0.000000e+00 0.000000e+00 0.000000e+00
 0.000000e+00 7.560000e-01 2.440000e-01 0.000000e+00 0.000000e+00
 0.000000e+00 0.000000e+00 5.986842e-01 4.013158e-01 0.000000e+00
 0.000000e+00 0.000000e+00 0.000000e+00 6.303030e-01 3.696970e-01
 0.000000e+00 0.000000e+00 0.000000e+00 0.000000e+00 0.000000e+00
<ENDHMM>
