~o
<STREAMINFO> 1 26
<VECSIZE> 26<NULLD><MFCC_E_D><DIAGC>
~h "o^"
<BEGINHMM>
<NUMSTATES> 5
<STATE> 2
<MEAN> 26
 1.151115e+00 3.556122e-01 1.645531e+00 -2.653402e+01 -9.142806e+00 5.319903e+00 -1.141314e+01 -4.474862e+00 -1.533340e+01 7.003483e-01 6.357719e+00 -3.637461e+00 1.977417e+01 1.897070e+00 5.886937e-01 6.865081e-01 -4.408391e+00 -2.980725e+00 2.304052e+00 -1.408521e+00 3.560926e-01 -2.671068e+00 -1.057835e+00 1.933206e+00 -1.230708e+00 1.132750e+00
<VARIANCE> 26
 1.610135e+01 3.733683e+01 1.373099e+01 1.116246e+02 3.583838e+01 2.533145e+01 5.800081e+01 4.950313e+01 6.134589e+01 5.587838e+01 8.409982e+01 2.348067e+01 8.142631e+00 4.183730e+00 1.545498e+00 1.766560e+00 1.732587e+01 2.765135e+00 2.125142e+00 4.604919e+00 3.584864e+00 7.140117e+00 3.627576e+00 4.723332e+00 4.552691e+00 1.629659e+00
<GCONST> 1.107905e+02
<STATE> 3
<MEAN> 26
 2.802160e+00 3.004574e-01 3.115703e+00 -2.999343e+01 -1.616483e+01 1.078523e+01 -1.327894e+01 -4.444984e+00 -1.602747e+01 -6.148964e+00 1.265516e+01 -7.530292e+00 2.164364e+01 9.101654e-02 1.749220e-02 3.342242e-02 -9.681997e-02 -2.883486e-02 1.055473e-01 -2.861221e-01 2.884397e-02 -5.159456e-01 -1.111786e-01 -4.014656e-02 -9.641135e-02 -2.781525e-03
<VARIANCE> 26
 5.878162e+00 1.166447e+01 1.958976e+01 2.838138e+01 2.190470e+01 1.464872e+01 2.173170e+01 4.118275e+01 4.930337e+01 4.274952e+01 3.828504e+01 2.790921e+01 3.299165e-01 3.875293e-01 1.085255e+00 9.128282e-01 3.035735e+00 2.171161e+00 1.187003e+00 1.740745e+00 2.296261e+00 2.211788e+00 3.691608e+00 2.170967e+00 1.690395e+00 3.058427e-02
<GCONST> 8.681774e+01
<STATE> 4
<MEAN> 26
 1.803413e+00 1.892180e+00 1.632779e+00 -2.283883e+01 -6.013951e+00 4.868184e+00 -1.334082e+01 -4.573463e+00 -1.799852e+01 4.391945e-02 6.834203e+00 -5.889848e+00 1.975555e+01 -9.853954e-01 9.131875e-01 -1.997375e-01 3.597898e+00 2.192825e+00 -2.052726e+00 1.629745e+00 -3.585467e-01 2.181817e+00 7.294694e-01 -1.940213e+00 6.910916e-01 -8.241751e-01
<VARIANCE> 26
 1.358257e+01 3.617044e+01 2.455796e+01 1.325957e+02 6.671561e+01 4.382995e+01 9.463338e+01 6.775632e+01 6.157273e+01 5.869710e+01 7.256096e+01 5.932855e+01 3.541140e+00 1.973468e+00 3.638622e+00 3.246793e+00 7.995750e+00 4.020561e+00 2.994817e+00 6.693408e+00 3.997274e+00 6.684435e+00 7.472929e+00 6.327175e+00 6.052586e+00 4.046838e-01
<GCONST> 1.142962e+02
<TRANSP> 5
 0.000000e+00 1.000000e+00 0.000000e+00 0.000000e+00 0.000000e+00
 0.000000e+00 5.892857e-01 4.107143e-01 0.000000e+00 0.000000e+00
 0.000000e+00 0.000000e+00 8.670520e-01 1.329480e-01 0.000000e+00
 0.000000e+00 0.000000e+00 0.000000e+00 7.526882e-01 2.473118e-01
 0.000000e+00 0.000000e+00 0.000000e+00 0.000000e+00 0.000000e+00
<ENDHMM>
